;Id_Trade;Moeda;Preco Dolar;Preco Reais;Volume;Tamanho
0;14345327;SKL;0.0245;0.11923170000000001;8433889.6;23195.3
1;34008351;ETC;15.89;77.330274;43270.64990417;52.3615
2;482908;ELA;1.551;7.5480966;3821.95;25.9
3;59368;APTT;5.35;26.036309999999997;1055.728;23.597
4;594405;DREP;0.2377;1.1567908199999999;75076.92;66.64
5;746443;POLS;0.2562;1.2468229199999998;34353.17;30.39
6;346467;HBART;0.0522;0.25403652000000004;1506467.0;500.0
7;362866;CELR;0.012;0.0583992;3291834.0;215.0
8;3397660;RAD;1.37;6.667242000000001;13940.08;5.87
9;6803757;AXS;4.83;23.505678;149484.244;217.994
10;56589872;T;1.0;4.8666;113873598.04;80.15
11;178753;SANDT;0.307;1.4940461999999999;37150.8;374.59
12;300116;DIMO;0.0925;0.4501605;231336.8;5.4
13;47104;KSMT;19.43;94.558038;349.2943;0.1115
14;1557268;APT;5.34;25.987644;93002.138;91.472
15;1642841;GMT;0.1573;0.76551618;542926.59;431.63
16;3328265;AVAXT;9.57;46.573362;18802.847;13.0
17;2460238;QSP;0.0101;0.04915266;1522879.0;19.0
18;1323822;CVC;0.0728;0.35428848;227773.0;649.9
19;1344116;ERN;1.49;7.251234;9821.023;17.256
20;5839537;BAT;0.1787;0.86966142;701033.78;27.81
21;6828468;SHIBT;0.0;0.0;3191437819.0;1232626.0
22;7503989;RLC;1.0575;5.146429500000001;41629.02;109.23
23;22281212;CRO;0.0516;0.25111656;5951502.8;19.4
24;214967;AXL;0.3529;1.71742314;74234.2;15.4
25;7778277;POLY;0.1222;0.59469852;287042.0;5842.0
26;1893553;GST;0.0094;0.04574604;2024517.28;37848.36
27;9973653;DASH;27.18;132.274188;3491.38882534;1.0
28;3931841;HBAR;0.0521;0.25354986;47582660.9;171.9
29;1116567;DYP;0.127;0.6180582;330907.3;5.7
30;129335;LIT;0.6701;3.26110866;20454.4;3.42
31;287086;RPL;22.46;109.303836;2561.286;1.0
32;316147;PYR;3.492;16.9941672;32272.49;5.81
33;37098;G;0.998;4.8568668;382954.11;6.19
34;225645;LINKT;6.4;31.146240000000002;3783.05;0.776
35;419196;TRACT;0.2273;1.1061781800000001;2270.8;191.6
36;973723;ENST;7.81;38.008145999999996;299.287;0.279
37;35744134;LRC;0.1849;0.8998343400000001;1446646.738275;256.779579
38;65554650;ALGO;0.0978;0.47595348;7973335.8;347.9
39;381281;SPA;0.0037;0.018006420000000002;3143660.0;47986.0
40;231523;CVX;2.642;12.8575572;19732.386;144.0
41;119856;MINAT;0.385;1.8736410000000001;739.717;2.624
42;51500614;ATOM;7.084;34.4749944;282633.92;13.96
43;9375441;STORJ;0.399;1.9417734000000002;6299141.68;108.85
44;286722;ZENT;7.45;36.256170000000004;1059.925;15.34
45;4356346;NCT;0.0087;0.042339419999999996;1999650.0;4348.0
46;27139121;ICP;3.071;14.945328600000002;654948.9023;8.054
47;392676;ARPAT;0.0461;0.22435026000000002;136498.1;659.4
48;2174057;BLUR;0.1847;0.89886102;2001516.9;12000.0
49;21758794;DAI;0.9999;4.86611334;576532.53523;100.01
50;5391702;IMX;0.5249;2.55447834;527739.07;94.27
51;8085743;SOLT;19.34;94.120044;12346.225;26.982
52;88236;ERNT;1.44;7.007904;0.0;1.38
53;1517389;AIOZ;0.0115;0.0559659;1114195.1;1199.0
54;317169;WAXL;0.3505;1.7057433;75656.2;15.63
55;270252;FIS;0.2413;1.17431058;15479.2;125.1
56;23227611;ZRX;0.1922;0.93536052;3102753.88784;20.75494
57;27306;LSETH;1686.23;8206.206918;60.28804;0.2928
58;567937;MXC;0.0095;0.0462327;8503345.4;1560.4
59;14770629;QNT;93.94;457.168404;17724.811;0.095
60;208421;XLMT;0.121;0.5888586;145361.4;948.0
61;2408598;LQTY;0.8323;4.050471180000001;104640.04;1.2
62;16781380;CRV;0.4394;2.13838404;1112374.77;1727.65
63;1858337;HFT;0.3239;1.57629174;378824.65;1543.97
64;1125689;XYOT;0.0029;0.01411314;372409.0;34386.8
65;3987496;GODS;0.1677;0.81612882;680887.67;5.97
66;464834;ADAT;0.253;1.2312498;63188.46;39.53
67;164347;OPT;1.428;6.9495048;26220.07;134.55
68;1598705;WBTC;26714.23;130007.471718;0.7197995;0.0007907
69;52129;TVK;0.0188;0.09149208;789437.0;1415.0
70;647564;ABT;0.0736;0.35818176;185409.6;2245.4
71;3332195;RARI;0.91;4.428606;16608.517;17.289
72;708550;SYLO;0.0012;0.005839919999999999;5720621.0;50000.0
73;16428597;SNX;2.238;10.8914508;222420.213;45.0
74;2905382;MPL;4.52;21.997031999999997;19666.47;1.112
75;15158821;BTCT;26700.88;129942.50260800001;903.06397922;0.03704189
76;495144;TRUT;0.0364;0.17714424;189223.3;412.0
77;2123446;BADGER;2.16;10.511856000000002;31781.035;2.3
78;1724817;MCO2;1.6;7.786560000000001;162349.74;100.0
79;1351218;FLOW;0.456;2.2191696000000003;710586.781;1353.642
80;97756729;ADA;0.2526;1.22930316;21345871.45;381.97
81;25030321;COMP;42.25;205.61385;28930.94;0.005
82;649718;AERGO;0.0951;0.46281366;171852.4;52.2
83;406675;ELAT;1.544;7.5140304;622.58;33.18
84;576881;WAMPL;2.57;12.507162;6723.855;0.385
85;7745002;BAL;3.4;16.54644;12701.795;1.461
86;1841429;GYEN;0.0068;0.03309288;1287186.0;1445.0
87;1118390;MAGIC;0.5025;2.4454664999999998;302820.52;6.36
88;464125;QI;0.0052;0.02530632;650276.0;16319.0
89;14027136;ZEC;26.51;129.013566;40649.35639;0.49878
90;686875;MATICT;0.534;2.5987644000000003;234629.59;190.66
91;467074;SUPERT;0.0805;0.39176130000000003;1823.65;224.15
92;821137;HOPR;0.0439;0.21364374;756622.1;29.6
93;120578;DAR;0.091;0.4428606;18171.43;283.34
94;2249765;QUICK;42.5;206.8305;376.3001;0.6257
95;871835;RNDRT;1.62;7.883892;32314.86;40.0
96;2042023;ROSE;0.0417;0.20293722;6844213.8;1034.5
97;1708176;HIGH;1.428;6.9495048;125068.56;940.42
98;115145;BTRSTT;0.32;1.557312;16328.9;38.84
99;33894914;AMP;0.0017;0.00827322;236345543.0;180.0
100;3416846;SYN;0.336;1.6351776;1685191.42;100.0
101;545169;METIS;10.74;52.267284000000004;2605.389;34.618
102;839926;DIA;0.2237;1.08865842;9891.44;2.74
103;144867;ACHT;0.0159;0.07737894000000001;1985722.4;17536.1
104;147127;RAI;2.77;13.480482;73.23;0.16
105;102160071;SHIB;0.0;0.0;618020324625.0;524503.0
106;306039;AUDIO;0.1533;0.74604978;113434.6;40.9
107;67248023;LINK;6.379;31.044041399999998;1122265.56;4.71
108;88408;OSMO;0.3396;1.6526973600000001;102789.65;59.21
109;652330;SNT;0.0223;0.10852518;220283.9;86.7
110;713638;CGBP;0.8075;3.9297795;842593.05;52.21
111;5690327;AUCTION;4.77;23.213682;50141.13;0.076
112;330518;LQTYT;0.8299;4.0387913399999995;23599.09;1.45
113;712305;ILV;41.2;200.50392000000002;1578.67;1.2061
114;66487;XRPT;0.503;2.4478998;1078405.304846;2.5
115;873535;MNDE;0.042;0.2043972;1544316.3;209.5
116;2339176;BTRST;0.323;1.5719118;95984.11;15.38
117;620803;IMXT;0.526;2.5598316000000003;16027.08;24.0
118;146302;HNT;1.426;6.939771599999999;56976.16;12.19
119;46727;C98T;0.1376;0.66964416;3342.63;96.68
120;9930854;CTSI;0.1288;0.6268180799999999;3432112.0;1012.6
121;3352598;GTC;0.94;4.574604;124288.63;14.87
122;657077;POND;0.0081;0.039419459999999996;3966574.0;5218.0
123;12574437;XYO;0.0029;0.01411314;23595284.8;4533.9
124;882240;AXST;4.8;23.35968;10763.906;1.5
125;1771664;ACS;0.0018;0.00875988;168518189.0;2176.0
126;4373969;MASK;2.64;12.847824000000001;39890.46;10.99
127;583023;PRIME;3.845;18.712077;105240.13;14.55
128;6755343;OGN;0.094;0.4574604;4309487.38;14.3
129;296341;T;0.0183;0.08905878;2927318.0;1090.0
130;3557358;STX;0.4737;2.3053084200000002;837819.77;524.0
131;971991;MASKT;2.64;12.847824000000001;1277.04;4.0
132;424987;PNG;0.019;0.0924654;718721.0;12.0
133;2808715;DOGET;0.0628;0.30562248;4068231.8;1616.8
134;300003;ATOMT;7.08;34.455528;5107.594;30.183
135;8465990;FARM;22.09;107.503194;2392.32;0.045
136;283879;SEI;0.1278;0.62195148;7024893.5;1168.3
137;2384619;DOTT;4.19;20.391054;2326.357;0.855
138;3570482;TRB;44.83;218.169678;92214.772;5.897
139;26732638;DOT;4.206;20.468919600000003;304575.207;8.919
140;87175;EUROC;1.0663;5.18925558;38474.04;0.32
141;22226824;CGLD;0.441;2.1461706;669012.9;1.21
142;60079938;DOGE;0.0628;0.30562248;110809171.1;4733.9
143;28297446;JASMY;0.0036;0.01751976;199751916.0;3051.0
144;3085706;KRL;0.2149;1.04583234;29503.4;5.5
145;7566097;CEUR;0.9376;4.56292416;1306221.39;639.93
146;341837;EGLD;25.33;123.270978;10447.956;8.1
147;1710912;CHZT;0.0603;0.29345598;203662.1;422.2
148;14897753;UMA;1.416;6.8911055999999995;25844.407;33.543
149;2205619;MINA;0.39;1.897974;358514.519;130.31
150;3780751;SAND;0.3067;1.49258622;599847.93;81.51
151;1429876;SWFTC;0.0011;0.00535326;30072587.0;10126.0
152;16443589;REN;0.0488;0.23749008000000002;1842636.261412;8211.75224
153;272107;STXT;0.4739;2.3062817399999997;38440.61;421.4
154;313501;RARE;0.0614;0.29880924000000003;104899.6;1603.0
155;3718;PY;1.0;4.8666;688755.4;54.82
156;5559159;ASM;0.0107;0.05207262;632433.0;464.0
157;227562;LRCT;0.1846;0.8983743599999999;14025.94;1890.52
158;374827;FLR;0.0112;0.05450592;10669278.0;35516.0
159;3316821;API3;1.112;5.411659200000001;75237.73;4.46
160;3628389;SUKU;0.036;0.17519759999999998;8539424.6;1424.9
161;292197;GMTT;0.1574;0.7660028400000001;13386.1;4763.94
162;315965;POWRT;0.1423;0.6925171800000001;14421.7;140.6
163;1441222;FETT;0.239;1.1631174;198388.0;42.0
164;2671014;XCN;0.0008;0.0038932800000000003;62687077.9;983.5
165;295415;GNO;101.25;492.74325;44.5981;0.0057
166;2008212;POWR;0.1422;0.69203052;168340.6;90.0
167;6897349;FORTH;2.65;12.89649;14094.494;0.053
168;19823762;ANKR;0.0194;0.09441204;12078040.0;8716.0
169;1234051;MUSE;6.178;30.0658548;12570.831;8.901
170;75675877;MATIC;0.5339;2.5982777400000003;7061874.6;43.8
171;1642803;ZEN;7.44;36.207504;4693.213;1.21
172;1919474;FIDA;0.1518;0.73874988;703729.27;100.0
173;1763406;SUPER;0.0803;0.39078798;280273.32;595.33
174;12248046;NMR;13.27;64.579782;57442.414;0.162
175;287158;AGLDT;0.5767;2.80656822;5605.11;1.73
176;8657670;NKN;0.0892;0.43410072;830287.6;12.6
177;407479;ALICE;0.782;3.8056812;3178.069;366.186
178;7213915;BNT;0.4531;2.20505646;627060.159838;71.998109
179;89806;FLOWT;0.456;2.2191696000000003;102771.083;1389.602
180;2960475;TC;0.9999;4.86611334;437727.06;254.99
181;5029510;PLA;0.1508;0.7338832799999999;102500.5;129.1
182;1287345;CTX;0.91;4.428606;27513.672;0.258
183;22734241;MKR;1295.16;6303.025656000001;2718.006643;0.100528
184;956475;AST;0.0861;0.41901425999999997;161099.6;57.7
185;5321321;MDT;0.0472;0.22970352;12230274.0;3686.0
186;2415462;ALCX;12.23;59.518518;46950.4515;0.4062
187;55955;METIST;10.72;52.169952;175.851;8.244
188;469696742;ETH;1647.39;8017.188174000001;47491.79376825;0.0054431
189;9493046;CHZ;0.0603;0.29345598;1570040.6;8088.4
190;91739705;SOL;19.34;94.120044;809100.091;30.959
191;30528353;XTZ;0.688;3.3482207999999996;318827.35;88.58
192;732297;LCXT;0.0411;0.20001726;123569.7;608.5
193;200256;ROSET;0.0417;0.20293722;155664.2;75.0
194;1178746;CROT;0.0514;0.25014324;116180.6;532.3
195;117140751;LTC;66.51;323.677566;174488.50556044;0.1583985
196;36786693;GRT;0.088;0.4282608;22683412.77;963.23
197;1217266;FORT;0.1129;0.54943914;146369.56;206.16
198;30220113;XRP;0.5022;2.44400652;52101811.638303;0.118431
199;1823007;FOX;0.0217;0.10560522;2870261.8;370.2
200;12727013;SPELL;0.0005;0.0024333000000000002;2982550603.0;1650.0
201;6981833;COTI;0.0439;0.21364374;1715262.7;113.2
202;848988;PRQ;0.0657;0.31973562;255945.2;164.5
203;10995408;BAND;1.057;5.1439962;20789.58;4.7
204;1326149;UNFI;8.49;41.317434;63728.49;0.14
205;2073125;TGBP;0.8075;3.9297795;4281344.63;37.52
206;894495;MONA;305.42;1486.356972;38.2056;0.0717
207;33362646;UNI;4.392;21.3741072;179192.848929;42.900517
208;562489513;BTC;26703.65;129955.98309000001;9232.29474972;0.02794657
209;319811;C98;0.1394;0.67840404;653670.31;35.65
210;129633;MSOL;21.62;105.21589200000001;748.912;1.29
211;922530;TIME;15.36;74.750976;4155.097;1.011
212;13041396;IOTX;0.0159;0.07737894000000001;1982313.0;230.0
213;226837;SUI;0.4572;2.22500952;945137.4;10.8
214;1771755;GFI;0.402;1.9563732;189121.64;295.67
215;5554894;MLN;14.03;68.278398;2215.544;40.0
216;1694465;ORN;0.532;2.5890312;25149.37;2.27
217;24288028;YFI;5594.01;27223.809066;105.176025;0.031881
218;9622973;CLV;0.0326;0.15865115999999999;3480066.96;152.47
219;293747;BADGERT;2.15;10.463189999999999;81.762;9.303
220;745013;GLM;0.1763;0.85798158;68179.4;24.5
221;1643070;PLU;6.4;31.146240000000002;6220.04;18.0
222;4766291;OP;1.427;6.9446382;2159309.96;41.38
223;32121111;AVAX;9.56;46.524696000000006;209547.048;29.566
224;747447;OCEAN;0.3216;1.56509856;398404.1;281.0
225;5241396;DESO;8.59;41.804094;27999.012;289.948
226;1338581;TONE;0.0107;0.05207262;14207269.0;1525.0
227;3015214;NEAR;1.135;5.523591;182992.909;0.693
228;37848494;MANA;0.3019;1.46922654;960628.76;262.15
229;3455427;TRU;0.0362;0.17617092;4054884.5;2700.0
230;6214158;SHPING;0.0049;0.02384634;70363868.0;100.0
231;184865;DEXT;0.5616;2.73308256;12996.3;1000.0
232;222604;ATA;0.0794;0.38640804;81923.1;330.0
233;20996915;FIL;3.439;16.7362374;688737.827;90.282
234;101722;NEART;1.14;5.547923999999999;15238.752;4.459
235;1073585;MATH;0.0663;0.32265558;170235.7;3.8
236;299970;BIT;0.4119;2.00455254;8070.75;6.22
237;445473;KSM;19.45;94.65536999999999;2298.0944;0.1026
238;4124717;TRAC;0.2313;1.1256445800000001;192599.3;12.8
239;33163;VTHO;0.0012;0.005839919999999999;322371730.0;3203.0
240;205775;PAX;0.9992;4.86270672;246.51;0.98
241;115362;GHST;0.755;3.674283;10540.17;78.44
242;17745127;FET;0.2392;1.16409072;6424112.0;850.3
243;5303959;ENS;7.8;37.95948;14168.748;1.148
244;19721675;EOS;0.5813;2.82895458;939546.6;15.5
245;16181721;ETHT;1647.22;8016.360852;5840.65162185;0.12141
246;2165292;APET;1.14;5.547923999999999;51817.38;7.35
247;161667;GALT;1.312;6.3849792;3488.003;8.089
248;5749448;LCX;0.0409;0.19904394;2482198.8;218.9
249;1838513;00;0.0751;0.36548166;63047.65;132.49
250;2537750;BLZ;0.1604;0.7806026399999999;3509929.3;42.9
251;80761;PUNDIX;0.3473;1.69017018;87978.87;14.32
252;2207439;DNT;0.0235;0.1143651;823543.3;381.5
253;987848;ORCA;0.8045;3.9151797;24415.79;13.84
254;1336740;WCFG;0.256;1.2458496000000001;214629.95;677.18
255;19919044;OXT;0.084;0.4087944;36171911.0;98.0
256;454990;LOKA;0.1828;0.88961448;111372.51;304.98
257;3125221;PRO;0.2578;1.2546094799999998;351352.37;43.34
258;2303116;PERP;0.6174;3.0046388399999997;798473.524;1251.082
259;65407;ANT;4.32;21.023712000000003;1768.26;1.0
260;6032678;1INCH;0.259;1.2604494;548157.67;94.12
261;1904780;AVT;0.8;3.8932800000000003;110549.05;6.21
262;570521;INDEX;1.03;5.0125980000000006;21475.871;0.019
263;3123553;INV;26.51;129.013566;1066.1705;3.5828
264;2601481;GAL;1.31;6.375246000000001;113799.546;142.48
265;2524535;FX;0.1208;0.5878852800000001;99145.0;795.0
266;116339;VOXEL;0.1317;0.64093122;42938.04;1385.73
267;461668;PERPT;0.618;3.0075588;97174.896;26.0
268;21424146;ACH;0.0158;0.07689228000000001;47654294.6;563.8
269;5105143;LPT;6.22;30.270252;60424.628;0.194
270;662410;AUCTIONT;4.77;23.213682;3000.505;4.5
271;4968290;ICPT;3.06;14.891796000000001;39275.2265;4.0
272;4249212;BICO;0.2097;1.02052602;209739.05;14.32
273;2946733;CRPT;0.0717;0.34893522;5168802.4;275.8
274;10486622;ENJ;0.236;1.1485176;924178.04;105.74
275;70508;JASMYT;0.0036;0.01751976;1366667.0;1799.0
276;638181;DESOT;8.38;40.782108;213.536;2.719
277;90840;ENJT;0.233;1.1339178;23780.49;150.0
278;1836519;INJ;7.433;36.1734378;93875.14;6.79
279;1062409;KAVA;0.6585;3.2046561;108306.2;9.78
280;13154476;SUSHI;0.6433;3.13068378;1575917.65;480.0
281;577702;AURORA;0.055;0.267663;639299.58;106.0
282;1403740;SPELLT;0.0005;0.0024333000000000002;122286256.0;2232.0
283;391933;BOBA;0.1166;0.56744556;266226.3;42.6
284;2338378;IDEX;0.0475;0.2311635;374118.3;1000.0
285;267523;MTL;1.639;7.9763574;196084.58;88.09
286;736025;IDEXT;0.0474;0.23067684;26740.7;466.2
287;10318663;REQ;0.0646;0.31438236;283731.0;151.0
288;778824;BICOT;0.2076;1.01030616;52.21;52.21
289;2128615;LDO;1.577;7.6746282;930307.83;312.54
290;411049;QNTT;92.91;452.155806;195.9759;1.7365
291;7087743;TEUR;0.9375;4.5624375;9191112.97;527.32
292;254600;HFTT;0.3224;1.56899184;25031.79;107.91
293;6179041;COVAL;0.0075;0.0364995;8637221.0;667.0
294;14017565;KNC;0.6349;3.08980434;1228999.1;15.9
295;2515589;ARPA;0.0459;0.22337694000000002;1932338.2;5.0
296;925670;MEDIA;6.14;29.880924;20037.06;8.0
297;16527939;APE;1.145;5.5722570000000005;1692518.67;68.0
298;51201998;BCH;219.77;1069.532682;53622.07656629;3.93782343
299;1525057;ALEPH;0.0731;0.35574846;58977.9;11.5
300;1636185;REQT;0.0629;0.30610914;4839.0;2381.0
301;39777;PONDT;0.008;0.038932800000000004;0.0;487.0
302;89029496;XLM;0.121;0.5888586;53932830.0;8283.0
303;5393391;RBN;0.1739;0.84630174;53363.37;5.75
304;2500614;CBETH;1719.77;8369.432682;348.47429;0.03236
305;25965787;AAVE;60.9;296.37594;46727.747;2.0
306;20741;VET;0.0182;0.08857212;77190646.0;1000.0
307;611784;RADT;1.37;6.667242000000001;1562.04;14.59
308;2666879;AGLD;0.5736;2.79148176;146222.09;159.0
309;6299469;RNDR;1.6164;7.8663722400000005;1219444.25;71.71
310;2059918;ARB;0.8306;4.04219796;2368935.59;248.63
